2500
0 0
13 13
26 26
39 39
52 52
65 65
78 78
91 91
104 104
117 117
130 130
143 143
156 156
169 169
182 182
195 195
208 208
221 221
234 234
247 247
260 260
273 273
286 286
299 299
312 312
325 325
338 338
351 351
364 364
377 377
390 390
403 403
416 416
429 429
442 442
455 455
468 468
481 481
494 494
507 507
520 520
533 533
546 546
559 559
572 572
585 585
598 598
611 611
624 624
637 637
650 650
663 663
676 676
689 689
702 702
715 715
728 728
741 741
754 754
767 767
780 780
793 793
806 806
819 819
832 832
845 845
858 858
871 871
884 884
897 897
910 910
923 923
936 936
949 949
962 962
975 975
988 988
1001 1001
1014 1014
1027 1027
1040 1040
1053 1053
1066 1066
1079 1079
1092 1092
1105 1105
1118 1118
1131 1131
1144 1144
1157 1157
1170 1170
1183 1183
1196 1196
1209 1209
1222 1222
1235 1235
1248 1248
1261 1261
1274 1274
1287 1287
1300 1300
1313 1313
1326 1326
1339 1339
1352 1352
1365 1365
1378 1378
1391 1391
1404 1404
1417 1417
1430 1430
1443 1443
1456 1456
1469 1469
1482 1482
1495 1495
1508 1508
1521 1521
1534 1534
1547 1547
1560 1560
1573 1573
1586 1586
1599 1599
1612 1612
1625 1625
1638 1638
1651 1651
1664 1664
1677 1677
1690 1690
1703 1703
1716 1716
1729 1729
1742 1742
1755 1755
1768 1768
1781 1781
1794 1794
1807 1807
1820 1820
1833 1833
1846 1846
1859 1859
1872 1872
1885 1885
1898 1898
1911 1911
1924 1924
1937 1937
1950 1950
1963 1963
1976 1976
1989 1989
2002 2002
2015 2015
2028 2028
2041 2041
2054 2054
2067 2067
2080 2080
2093 2093
2106 2106
2119 2119
2132 2132
2145 2145
2158 2158
2171 2171
2184 2184
2197 2197
2210 2210
2223 2223
2236 2236
2249 2249
2262 2262
2275 2275
2288 2288
2301 2301
2314 2314
2327 2327
2340 2340
2353 2353
2366 2366
2379 2379
2392 2392
2405 2405
2418 2418
2431 2431
2444 2444
2457 2457
2470 2470
2483 2483
2496 2496
2509 2509
2522 2522
2535 2535
2548 2548
2561 2561
2574 2574
2587 2587
2600 2600
2613 2613
2626 2626
2639 2639
2652 2652
2665 2665
2678 2678
2691 2691
2704 2704
2717 2717
2730 2730
2743 2743
2756 2756
2769 2769
2782 2782
2795 2795
2808 2808
2821 2821
2834 2834
2847 2847
2860 2860
2873 2873
2886 2886
2899 2899
2912 2912
2925 2925
2938 2938
2951 2951
2964 2964
2977 2977
2990 2990
3003 3003
3016 3016
3029 3029
3042 3042
3055 3055
3068 3068
3081 3081
3094 3094
3107 3107
3120 3120
3133 3133
3146 3146
3159 3159
3172 3172
3185 3185
3198 3198
3211 3211
3224 3224
3237 3237
3250 3250
3263 3263
3276 3276
3289 3289
3302 3302
3315 3315
3328 3328
3341 3341
3354 3354
3367 3367
3380 3380
3393 3393
3406 3406
3419 3419
3432 3432
3445 3445
3458 3458
3471 3471
3484 3484
3497 3497
3510 3510
3523 3523
3536 3536
3549 3549
3562 3562
3575 3575
3588 3588
3601 3601
3614 3614
3627 3627
3640 3640
3653 3653
3666 3666
3679 3679
3692 3692
3705 3705
3718 3718
3731 3731
3744 3744
3757 3757
3770 3770
3783 3783
3796 3796
3809 3809
3822 3822
3835 3835
3848 3848
3861 3861
3874 3874
3887 3887
3900 3900
3913 3913
3926 3926
3939 3939
3952 3952
3965 3965
3978 3978
3991 3991
4004 4004
4017 4017
4030 4030
4043 4043
4056 4056
4069 4069
4082 4082
4095 4095
4108 4108
4121 4121
4134 4134
4147 4147
4160 4160
4173 4173
4186 4186
4199 4199
4212 4212
4225 4225
4238 4238
4251 4251
4264 4264
4277 4277
4290 4290
4303 4303
4316 4316
4329 4329
4342 4342
4355 4355
4368 4368
4381 4381
4394 4394
4407 4407
4420 4420
4433 4433
4446 4446
4459 4459
4472 4472
4485 4485
4498 4498
4511 4511
4524 4524
4537 4537
4550 4550
4563 4563
4576 4576
4589 4589
4602 4602
4615 4615
4628 4628
4641 4641
4654 4654
4667 4667
4680 4680
4693 4693
4706 4706
4719 4719
4732 4732
4745 4745
4758 4758
4771 4771
4784 4784
4797 4797
4810 4810
4823 4823
4836 4836
4849 4849
4862 4862
4875 4875
4888 4888
4901 4901
4914 4914
4927 4927
4940 4940
4953 4953
4966 4966
4979 4979
4992 4992
5005 5005
5018 5018
5031 5031
5044 5044
5057 5057
5070 5070
5083 5083
5096 5096
5109 5109
5122 5122
5135 5135
5148 5148
5161 5161
5174 5174
5187 5187
5200 5200
5213 5213
5226 5226
5239 5239
5252 5252
5265 5265
5278 5278
5291 5291
5304 5304
5317 5317
5330 5330
5343 5343
5356 5356
5369 5369
5382 5382
5395 5395
5408 5408
5421 5421
5434 5434
5447 5447
5460 5460
5473 5473
5486 5486
5499 5499
5512 5512
5525 5525
5538 5538
5551 5551
5564 5564
5577 5577
5590 5590
5603 5603
5616 5616
5629 5629
5642 5642
5655 5655
5668 5668
5681 5681
5694 5694
5707 5707
5720 5720
5733 5733
5746 5746
5759 5759
5772 5772
5785 5785
5798 5798
5811 5811
5824 5824
5837 5837
5850 5850
5863 5863
5876 5876
5889 5889
5902 5902
5915 5915
5928 5928
5941 5941
5954 5954
5967 5967
5980 5980
5993 5993
6006 6006
6019 6019
6032 6032
6045 6045
6058 6058
6071 6071
6084 6084
6097 6097
6110 6110
6123 6123
6136 6136
6149 6149
6162 6162
6175 6175
6188 6188
6201 6201
6214 6214
6227 6227
6240 6240
6253 6253
6266 6266
6279 6279
6292 6292
6305 6305
6318 6318
6331 6331
6344 6344
6357 6357
6370 6370
6383 6383
6396 6396
6409 6409
6422 6422
6435 6435
6448 6448
6461 6461
6474 6474
6487 6487
6500 6500
6513 6513
6526 6526
6539 6539
6552 6552
6565 6565
6578 6578
6591 6591
6604 6604
6617 6617
6630 6630
6643 6643
6656 6656
6669 6669
6682 6682
6695 6695
6708 6708
6721 6721
6734 6734
6747 6747
6760 6760
6773 6773
6786 6786
6799 6799
6812 6812
6825 6825
6838 6838
6851 6851
6864 6864
6877 6877
6890 6890
6903 6903
6916 6916
6929 6929
6942 6942
6955 6955
6968 6968
6981 6981
6994 6994
7007 7007
7020 7020
7033 7033
7046 7046
7059 7059
7072 7072
7085 7085
7098 7098
7111 7111
7124 7124
7137 7137
7150 7150
7163 7163
7176 7176
7189 7189
7202 7202
7215 7215
7228 7228
7241 7241
7254 7254
7267 7267
7280 7280
7293 7293
7306 7306
7319 7319
7332 7332
7345 7345
7358 7358
7371 7371
7384 7384
7397 7397
7410 7410
7423 7423
7436 7436
7449 7449
7462 7462
7475 7475
7488 7488
7501 7501
7514 7514
7527 7527
7540 7540
7553 7553
7566 7566
7579 7579
7592 7592
7605 7605
7618 7618
7631 7631
7644 7644
7657 7657
7670 7670
7683 7683
7696 7696
7709 7709
7722 7722
7735 7735
7748 7748
7761 7761
7774 7774
7787 7787
7800 7800
7813 7813
7826 7826
7839 7839
7852 7852
7865 7865
7878 7878
7891 7891
7904 7904
7917 7917
7930 7930
7943 7943
7956 7956
7969 7969
7982 7982
7995 7995
8008 8008
8021 8021
8034 8034
8047 8047
8060 8060
8073 8073
8086 8086
8099 8099
8112 8112
8125 8125
8138 8138
8151 8151
8164 8164
8177 8177
8190 8190
8203 8203
8216 8216
8229 8229
8242 8242
8255 8255
8268 8268
8281 8281
8294 8294
8307 8307
8320 8320
8333 8333
8346 8346
8359 8359
8372 8372
8385 8385
8398 8398
8411 8411
8424 8424
8437 8437
8450 8450
8463 8463
8476 8476
8489 8489
8502 8502
8515 8515
8528 8528
8541 8541
8554 8554
8567 8567
8580 8580
8593 8593
8606 8606
8619 8619
8632 8632
8645 8645
8658 8658
8671 8671
8684 8684
8697 8697
8710 8710
8723 8723
8736 8736
8749 8749
8762 8762
8775 8775
8788 8788
8801 8801
8814 8814
8827 8827
8840 8840
8853 8853
8866 8866
8879 8879
8892 8892
8905 8905
8918 8918
8931 8931
8944 8944
8957 8957
8970 8970
8983 8983
8996 8996
9009 9009
9022 9022
9035 9035
9048 9048
9061 9061
9074 9074
9087 9087
9100 9100
9113 9113
9126 9126
9139 9139
9152 9152
9165 9165
9178 9178
9191 9191
9204 9204
9217 9217
9230 9230
9243 9243
9256 9256
9269 9269
9282 9282
9295 9295
9308 9308
9321 9321
9334 9334
9347 9347
9360 9360
9373 9373
9386 9386
9399 9399
9412 9412
9425 9425
9438 9438
9451 9451
9464 9464
9477 9477
9490 9490
9503 9503
9516 9516
9529 9529
9542 9542
9555 9555
9568 9568
9581 9581
9594 9594
9607 9607
9620 9620
9633 9633
9646 9646
9659 9659
9672 9672
9685 9685
9698 9698
9711 9711
9724 9724
9737 9737
9750 9750
9763 9763
9776 9776
9789 9789
9802 9802
9815 9815
9828 9828
9841 9841
9854 9854
9867 9867
9880 9880
9893 9893
9906 9906
9919 9919
9932 9932
9945 9945
9958 9958
9971 9971
9984 9984
9997 9997
10010 10010
10023 10023
10036 10036
10049 10049
10062 10062
10075 10075
10088 10088
10101 10101
10114 10114
10127 10127
10140 10140
10153 10153
10166 10166
10179 10179
10192 10192
10205 10205
10218 10218
10231 10231
10244 10244
10257 10257
10270 10270
10283 10283
10296 10296
10309 10309
10322 10322
10335 10335
10348 10348
10361 10361
10374 10374
10387 10387
10400 10400
10413 10413
10426 10426
10439 10439
10452 10452
10465 10465
10478 10478
10491 10491
10504 10504
10517 10517
10530 10530
10543 10543
10556 10556
10569 10569
10582 10582
10595 10595
10608 10608
10621 10621
10634 10634
10647 10647
10660 10660
10673 10673
10686 10686
10699 10699
10712 10712
10725 10725
10738 10738
10751 10751
10764 10764
10777 10777
10790 10790
10803 10803
10816 10816
10829 10829
10842 10842
10855 10855
10868 10868
10881 10881
10894 10894
10907 10907
10920 10920
10933 10933
10946 10946
10959 10959
10972 10972
10985 10985
10998 10998
11011 11011
11024 11024
11037 11037
11050 11050
11063 11063
11076 11076
11089 11089
11102 11102
11115 11115
11128 11128
11141 11141
11154 11154
11167 11167
11180 11180
11193 11193
11206 11206
11219 11219
11232 11232
11245 11245
11258 11258
11271 11271
11284 11284
11297 11297
11310 11310
11323 11323
11336 11336
11349 11349
11362 11362
11375 11375
11388 11388
11401 11401
11414 11414
11427 11427
11440 11440
11453 11453
11466 11466
11479 11479
11492 11492
11505 11505
11518 11518
11531 11531
11544 11544
11557 11557
11570 11570
11583 11583
11596 11596
11609 11609
11622 11622
11635 11635
11648 11648
11661 11661
11674 11674
11687 11687
11700 11700
11713 11713
11726 11726
11739 11739
11752 11752
11765 11765
11778 11778
11791 11791
11804 11804
11817 11817
11830 11830
11843 11843
11856 11856
11869 11869
11882 11882
11895 11895
11908 11908
11921 11921
11934 11934
11947 11947
11960 11960
11973 11973
11986 11986
11999 11999
12012 12012
12025 12025
12038 12038
12051 12051
12064 12064
12077 12077
12090 12090
12103 12103
12116 12116
12129 12129
12142 12142
12155 12155
12168 12168
12181 12181
12194 12194
12207 12207
12220 12220
12233 12233
12246 12246
12259 12259
12272 12272
12285 12285
12298 12298
12311 12311
12324 12324
12337 12337
12350 12350
12363 12363
12376 12376
12389 12389
12402 12402
12415 12415
12428 12428
12441 12441
12454 12454
12467 12467
12480 12480
12493 12493
12506 12506
12519 12519
12532 12532
12545 12545
12558 12558
12571 12571
12584 12584
12597 12597
12610 12610
12623 12623
12636 12636
12649 12649
12662 12662
12675 12675
12688 12688
12701 12701
12714 12714
12727 12727
12740 12740
12753 12753
12766 12766
12779 12779
12792 12792
12805 12805
12818 12818
12831 12831
12844 12844
12857 12857
12870 12870
12883 12883
12896 12896
12909 12909
12922 12922
12935 12935
12948 12948
12961 12961
12974 12974
12987 12987
13000 13000
13013 13013
13026 13026
13039 13039
13052 13052
13065 13065
13078 13078
13091 13091
13104 13104
13117 13117
13130 13130
13143 13143
13156 13156
13169 13169
13182 13182
13195 13195
13208 13208
13221 13221
13234 13234
13247 13247
13260 13260
13273 13273
13286 13286
13299 13299
13312 13312
13325 13325
13338 13338
13351 13351
13364 13364
13377 13377
13390 13390
13403 13403
13416 13416
13429 13429
13442 13442
13455 13455
13468 13468
13481 13481
13494 13494
13507 13507
13520 13520
13533 13533
13546 13546
13559 13559
13572 13572
13585 13585
13598 13598
13611 13611
13624 13624
13637 13637
13650 13650
13663 13663
13676 13676
13689 13689
13702 13702
13715 13715
13728 13728
13741 13741
13754 13754
13767 13767
13780 13780
13793 13793
13806 13806
13819 13819
13832 13832
13845 13845
13858 13858
13871 13871
13884 13884
13897 13897
13910 13910
13923 13923
13936 13936
13949 13949
13962 13962
13975 13975
13988 13988
14001 14001
14014 14014
14027 14027
14040 14040
14053 14053
14066 14066
14079 14079
14092 14092
14105 14105
14118 14118
14131 14131
14144 14144
14157 14157
14170 14170
14183 14183
14196 14196
14209 14209
14222 14222
14235 14235
14248 14248
14261 14261
14274 14274
14287 14287
14300 14300
14313 14313
14326 14326
14339 14339
14352 14352
14365 14365
14378 14378
14391 14391
14404 14404
14417 14417
14430 14430
14443 14443
14456 14456
14469 14469
14482 14482
14495 14495
14508 14508
14521 14521
14534 14534
14547 14547
14560 14560
14573 14573
14586 14586
14599 14599
14612 14612
14625 14625
14638 14638
14651 14651
14664 14664
14677 14677
14690 14690
14703 14703
14716 14716
14729 14729
14742 14742
14755 14755
14768 14768
14781 14781
14794 14794
14807 14807
14820 14820
14833 14833
14846 14846
14859 14859
14872 14872
14885 14885
14898 14898
14911 14911
14924 14924
14937 14937
14950 14950
14963 14963
14976 14976
14989 14989
15002 15002
15015 15015
15028 15028
15041 15041
15054 15054
15067 15067
15080 15080
15093 15093
15106 15106
15119 15119
15132 15132
15145 15145
15158 15158
15171 15171
15184 15184
15197 15197
15210 15210
15223 15223
15236 15236
15249 15249
15262 15262
15275 15275
15288 15288
15301 15301
15314 15314
15327 15327
15340 15340
15353 15353
15366 15366
15379 15379
15392 15392
15405 15405
15418 15418
15431 15431
15444 15444
15457 15457
15470 15470
15483 15483
15496 15496
15509 15509
15522 15522
15535 15535
15548 15548
15561 15561
15574 15574
15587 15587
15600 15600
15613 15613
15626 15626
15639 15639
15652 15652
15665 15665
15678 15678
15691 15691
15704 15704
15717 15717
15730 15730
15743 15743
15756 15756
15769 15769
15782 15782
15795 15795
15808 15808
15821 15821
15834 15834
15847 15847
15860 15860
15873 15873
15886 15886
15899 15899
15912 15912
15925 15925
15938 15938
15951 15951
15964 15964
15977 15977
15990 15990
16003 16003
16016 16016
16029 16029
16042 16042
16055 16055
16068 16068
16081 16081
16094 16094
16107 16107
16120 16120
16133 16133
16146 16146
16159 16159
16172 16172
16185 16185
16198 16198
16211 16211
16224 16224
16237 16237
16250 16250
16263 16263
16276 16276
16289 16289
16302 16302
16315 16315
16328 16328
16341 16341
16354 16354
16367 16367
16380 16380
16393 16393
16406 16406
16419 16419
16432 16432
16445 16445
16458 16458
16471 16471
16484 16484
16497 16497
16510 16510
16523 16523
16536 16536
16549 16549
16562 16562
16575 16575
16588 16588
16601 16601
16614 16614
16627 16627
16640 16640
16653 16653
16666 16666
16679 16679
16692 16692
16705 16705
16718 16718
16731 16731
16744 16744
16757 16757
16770 16770
16783 16783
16796 16796
16809 16809
16822 16822
16835 16835
16848 16848
16861 16861
16874 16874
16887 16887
16900 16900
16913 16913
16926 16926
16939 16939
16952 16952
16965 16965
16978 16978
16991 16991
17004 17004
17017 17017
17030 17030
17043 17043
17056 17056
17069 17069
17082 17082
17095 17095
17108 17108
17121 17121
17134 17134
17147 17147
17160 17160
17173 17173
17186 17186
17199 17199
17212 17212
17225 17225
17238 17238
17251 17251
17264 17264
17277 17277
17290 17290
17303 17303
17316 17316
17329 17329
17342 17342
17355 17355
17368 17368
17381 17381
17394 17394
17407 17407
17420 17420
17433 17433
17446 17446
17459 17459
17472 17472
17485 17485
17498 17498
17511 17511
17524 17524
17537 17537
17550 17550
17563 17563
17576 17576
17589 17589
17602 17602
17615 17615
17628 17628
17641 17641
17654 17654
17667 17667
17680 17680
17693 17693
17706 17706
17719 17719
17732 17732
17745 17745
17758 17758
17771 17771
17784 17784
17797 17797
17810 17810
17823 17823
17836 17836
17849 17849
17862 17862
17875 17875
17888 17888
17901 17901
17914 17914
17927 17927
17940 17940
17953 17953
17966 17966
17979 17979
17992 17992
18005 18005
18018 18018
18031 18031
18044 18044
18057 18057
18070 18070
18083 18083
18096 18096
18109 18109
18122 18122
18135 18135
18148 18148
18161 18161
18174 18174
18187 18187
18200 18200
18213 18213
18226 18226
18239 18239
18252 18252
18265 18265
18278 18278
18291 18291
18304 18304
18317 18317
18330 18330
18343 18343
18356 18356
18369 18369
18382 18382
18395 18395
18408 18408
18421 18421
18434 18434
18447 18447
18460 18460
18473 18473
18486 18486
18499 18499
18512 18512
18525 18525
18538 18538
18551 18551
18564 18564
18577 18577
18590 18590
18603 18603
18616 18616
18629 18629
18642 18642
18655 18655
18668 18668
18681 18681
18694 18694
18707 18707
18720 18720
18733 18733
18746 18746
18759 18759
18772 18772
18785 18785
18798 18798
18811 18811
18824 18824
18837 18837
18850 18850
18863 18863
18876 18876
18889 18889
18902 18902
18915 18915
18928 18928
18941 18941
18954 18954
18967 18967
18980 18980
18993 18993
19006 19006
19019 19019
19032 19032
19045 19045
19058 19058
19071 19071
19084 19084
19097 19097
19110 19110
19123 19123
19136 19136
19149 19149
19162 19162
19175 19175
19188 19188
19201 19201
19214 19214
19227 19227
19240 19240
19253 19253
19266 19266
19279 19279
19292 19292
19305 19305
19318 19318
19331 19331
19344 19344
19357 19357
19370 19370
19383 19383
19396 19396
19409 19409
19422 19422
19435 19435
19448 19448
19461 19461
19474 19474
19487 19487
19500 19500
19513 19513
19526 19526
19539 19539
19552 19552
19565 19565
19578 19578
19591 19591
19604 19604
19617 19617
19630 19630
19643 19643
19656 19656
19669 19669
19682 19682
19695 19695
19708 19708
19721 19721
19734 19734
19747 19747
19760 19760
19773 19773
19786 19786
19799 19799
19812 19812
19825 19825
19838 19838
19851 19851
19864 19864
19877 19877
19890 19890
19903 19903
19916 19916
19929 19929
19942 19942
19955 19955
19968 19968
19981 19981
19994 19994
20007 20007
20020 20020
20033 20033
20046 20046
20059 20059
20072 20072
20085 20085
20098 20098
20111 20111
20124 20124
20137 20137
20150 20150
20163 20163
20176 20176
20189 20189
20202 20202
20215 20215
20228 20228
20241 20241
20254 20254
20267 20267
20280 20280
20293 20293
20306 20306
20319 20319
20332 20332
20345 20345
20358 20358
20371 20371
20384 20384
20397 20397
20410 20410
20423 20423
20436 20436
20449 20449
20462 20462
20475 20475
20488 20488
20501 20501
20514 20514
20527 20527
20540 20540
20553 20553
20566 20566
20579 20579
20592 20592
20605 20605
20618 20618
20631 20631
20644 20644
20657 20657
20670 20670
20683 20683
20696 20696
20709 20709
20722 20722
20735 20735
20748 20748
20761 20761
20774 20774
20787 20787
20800 20800
20813 20813
20826 20826
20839 20839
20852 20852
20865 20865
20878 20878
20891 20891
20904 20904
20917 20917
20930 20930
20943 20943
20956 20956
20969 20969
20982 20982
20995 20995
21008 21008
21021 21021
21034 21034
21047 21047
21060 21060
21073 21073
21086 21086
21099 21099
21112 21112
21125 21125
21138 21138
21151 21151
21164 21164
21177 21177
21190 21190
21203 21203
21216 21216
21229 21229
21242 21242
21255 21255
21268 21268
21281 21281
21294 21294
21307 21307
21320 21320
21333 21333
21346 21346
21359 21359
21372 21372
21385 21385
21398 21398
21411 21411
21424 21424
21437 21437
21450 21450
21463 21463
21476 21476
21489 21489
21502 21502
21515 21515
21528 21528
21541 21541
21554 21554
21567 21567
21580 21580
21593 21593
21606 21606
21619 21619
21632 21632
21645 21645
21658 21658
21671 21671
21684 21684
21697 21697
21710 21710
21723 21723
21736 21736
21749 21749
21762 21762
21775 21775
21788 21788
21801 21801
21814 21814
21827 21827
21840 21840
21853 21853
21866 21866
21879 21879
21892 21892
21905 21905
21918 21918
21931 21931
21944 21944
21957 21957
21970 21970
21983 21983
21996 21996
22009 22009
22022 22022
22035 22035
22048 22048
22061 22061
22074 22074
22087 22087
22100 22100
22113 22113
22126 22126
22139 22139
22152 22152
22165 22165
22178 22178
22191 22191
22204 22204
22217 22217
22230 22230
22243 22243
22256 22256
22269 22269
22282 22282
22295 22295
22308 22308
22321 22321
22334 22334
22347 22347
22360 22360
22373 22373
22386 22386
22399 22399
22412 22412
22425 22425
22438 22438
22451 22451
22464 22464
22477 22477
22490 22490
22503 22503
22516 22516
22529 22529
22542 22542
22555 22555
22568 22568
22581 22581
22594 22594
22607 22607
22620 22620
22633 22633
22646 22646
22659 22659
22672 22672
22685 22685
22698 22698
22711 22711
22724 22724
22737 22737
22750 22750
22763 22763
22776 22776
22789 22789
22802 22802
22815 22815
22828 22828
22841 22841
22854 22854
22867 22867
22880 22880
22893 22893
22906 22906
22919 22919
22932 22932
22945 22945
22958 22958
22971 22971
22984 22984
22997 22997
23010 23010
23023 23023
23036 23036
23049 23049
23062 23062
23075 23075
23088 23088
23101 23101
23114 23114
23127 23127
23140 23140
23153 23153
23166 23166
23179 23179
23192 23192
23205 23205
23218 23218
23231 23231
23244 23244
23257 23257
23270 23270
23283 23283
23296 23296
23309 23309
23322 23322
23335 23335
23348 23348
23361 23361
23374 23374
23387 23387
23400 23400
23413 23413
23426 23426
23439 23439
23452 23452
23465 23465
23478 23478
23491 23491
23504 23504
23517 23517
23530 23530
23543 23543
23556 23556
23569 23569
23582 23582
23595 23595
23608 23608
23621 23621
23634 23634
23647 23647
23660 23660
23673 23673
23686 23686
23699 23699
23712 23712
23725 23725
23738 23738
23751 23751
23764 23764
23777 23777
23790 23790
23803 23803
23816 23816
23829 23829
23842 23842
23855 23855
23868 23868
23881 23881
23894 23894
23907 23907
23920 23920
23933 23933
23946 23946
23959 23959
23972 23972
23985 23985
23998 23998
24011 24011
24024 24024
24037 24037
24050 24050
24063 24063
24076 24076
24089 24089
24102 24102
24115 24115
24128 24128
24141 24141
24154 24154
24167 24167
24180 24180
24193 24193
24206 24206
24219 24219
24232 24232
24245 24245
24258 24258
24271 24271
24284 24284
24297 24297
24310 24310
24323 24323
24336 24336
24349 24349
24362 24362
24375 24375
24388 24388
24401 24401
24414 24414
24427 24427
24440 24440
24453 24453
24466 24466
24479 24479
24492 24492
24505 24505
24518 24518
24531 24531
24544 24544
24557 24557
24570 24570
24583 24583
24596 24596
24609 24609
24622 24622
24635 24635
24648 24648
24661 24661
24674 24674
24687 24687
24700 24700
24713 24713
24726 24726
24739 24739
24752 24752
24765 24765
24778 24778
24791 24791
24804 24804
24817 24817
24830 24830
24843 24843
24856 24856
24869 24869
24882 24882
24895 24895
24908 24908
24921 24921
24934 24934
24947 24947
24960 24960
24973 24973
24986 24986
24999 24999
25012 25012
25025 25025
25038 25038
25051 25051
25064 25064
25077 25077
25090 25090
25103 25103
25116 25116
25129 25129
25142 25142
25155 25155
25168 25168
25181 25181
25194 25194
25207 25207
25220 25220
25233 25233
25246 25246
25259 25259
25272 25272
25285 25285
25298 25298
25311 25311
25324 25324
25337 25337
25350 25350
25363 25363
25376 25376
25389 25389
25402 25402
25415 25415
25428 25428
25441 25441
25454 25454
25467 25467
25480 25480
25493 25493
25506 25506
25519 25519
25532 25532
25545 25545
25558 25558
25571 25571
25584 25584
25597 25597
25610 25610
25623 25623
25636 25636
25649 25649
25662 25662
25675 25675
25688 25688
25701 25701
25714 25714
25727 25727
25740 25740
25753 25753
25766 25766
25779 25779
25792 25792
25805 25805
25818 25818
25831 25831
25844 25844
25857 25857
25870 25870
25883 25883
25896 25896
25909 25909
25922 25922
25935 25935
25948 25948
25961 25961
25974 25974
25987 25987
26000 26000
26013 26013
26026 26026
26039 26039
26052 26052
26065 26065
26078 26078
26091 26091
26104 26104
26117 26117
26130 26130
26143 26143
26156 26156
26169 26169
26182 26182
26195 26195
26208 26208
26221 26221
26234 26234
26247 26247
26260 26260
26273 26273
26286 26286
26299 26299
26312 26312
26325 26325
26338 26338
26351 26351
26364 26364
26377 26377
26390 26390
26403 26403
26416 26416
26429 26429
26442 26442
26455 26455
26468 26468
26481 26481
26494 26494
26507 26507
26520 26520
26533 26533
26546 26546
26559 26559
26572 26572
26585 26585
26598 26598
26611 26611
26624 26624
26637 26637
26650 26650
26663 26663
26676 26676
26689 26689
26702 26702
26715 26715
26728 26728
26741 26741
26754 26754
26767 26767
26780 26780
26793 26793
26806 26806
26819 26819
26832 26832
26845 26845
26858 26858
26871 26871
26884 26884
26897 26897
26910 26910
26923 26923
26936 26936
26949 26949
26962 26962
26975 26975
26988 26988
27001 27001
27014 27014
27027 27027
27040 27040
27053 27053
27066 27066
27079 27079
27092 27092
27105 27105
27118 27118
27131 27131
27144 27144
27157 27157
27170 27170
27183 27183
27196 27196
27209 27209
27222 27222
27235 27235
27248 27248
27261 27261
27274 27274
27287 27287
27300 27300
27313 27313
27326 27326
27339 27339
27352 27352
27365 27365
27378 27378
27391 27391
27404 27404
27417 27417
27430 27430
27443 27443
27456 27456
27469 27469
27482 27482
27495 27495
27508 27508
27521 27521
27534 27534
27547 27547
27560 27560
27573 27573
27586 27586
27599 27599
27612 27612
27625 27625
27638 27638
27651 27651
27664 27664
27677 27677
27690 27690
27703 27703
27716 27716
27729 27729
27742 27742
27755 27755
27768 27768
27781 27781
27794 27794
27807 27807
27820 27820
27833 27833
27846 27846
27859 27859
27872 27872
27885 27885
27898 27898
27911 27911
27924 27924
27937 27937
27950 27950
27963 27963
27976 27976
27989 27989
28002 28002
28015 28015
28028 28028
28041 28041
28054 28054
28067 28067
28080 28080
28093 28093
28106 28106
28119 28119
28132 28132
28145 28145
28158 28158
28171 28171
28184 28184
28197 28197
28210 28210
28223 28223
28236 28236
28249 28249
28262 28262
28275 28275
28288 28288
28301 28301
28314 28314
28327 28327
28340 28340
28353 28353
28366 28366
28379 28379
28392 28392
28405 28405
28418 28418
28431 28431
28444 28444
28457 28457
28470 28470
28483 28483
28496 28496
28509 28509
28522 28522
28535 28535
28548 28548
28561 28561
28574 28574
28587 28587
28600 28600
28613 28613
28626 28626
28639 28639
28652 28652
28665 28665
28678 28678
28691 28691
28704 28704
28717 28717
28730 28730
28743 28743
28756 28756
28769 28769
28782 28782
28795 28795
28808 28808
28821 28821
28834 28834
28847 28847
28860 28860
28873 28873
28886 28886
28899 28899
28912 28912
28925 28925
28938 28938
28951 28951
28964 28964
28977 28977
28990 28990
29003 29003
29016 29016
29029 29029
29042 29042
29055 29055
29068 29068
29081 29081
29094 29094
29107 29107
29120 29120
29133 29133
29146 29146
29159 29159
29172 29172
29185 29185
29198 29198
29211 29211
29224 29224
29237 29237
29250 29250
29263 29263
29276 29276
29289 29289
29302 29302
29315 29315
29328 29328
29341 29341
29354 29354
29367 29367
29380 29380
29393 29393
29406 29406
29419 29419
29432 29432
29445 29445
29458 29458
29471 29471
29484 29484
29497 29497
29510 29510
29523 29523
29536 29536
29549 29549
29562 29562
29575 29575
29588 29588
29601 29601
29614 29614
29627 29627
29640 29640
29653 29653
29666 29666
29679 29679
29692 29692
29705 29705
29718 29718
29731 29731
29744 29744
29757 29757
29770 29770
29783 29783
29796 29796
29809 29809
29822 29822
29835 29835
29848 29848
29861 29861
29874 29874
29887 29887
29900 29900
29913 29913
29926 29926
29939 29939
29952 29952
29965 29965
29978 29978
29991 29991
30004 30004
30017 30017
30030 30030
30043 30043
30056 30056
30069 30069
30082 30082
30095 30095
30108 30108
30121 30121
30134 30134
30147 30147
30160 30160
30173 30173
30186 30186
30199 30199
30212 30212
30225 30225
30238 30238
30251 30251
30264 30264
30277 30277
30290 30290
30303 30303
30316 30316
30329 30329
30342 30342
30355 30355
30368 30368
30381 30381
30394 30394
30407 30407
30420 30420
30433 30433
30446 30446
30459 30459
30472 30472
30485 30485
30498 30498
30511 30511
30524 30524
30537 30537
30550 30550
30563 30563
30576 30576
30589 30589
30602 30602
30615 30615
30628 30628
30641 30641
30654 30654
30667 30667
30680 30680
30693 30693
30706 30706
30719 30719
30732 30732
30745 30745
30758 30758
30771 30771
30784 30784
30797 30797
30810 30810
30823 30823
30836 30836
30849 30849
30862 30862
30875 30875
30888 30888
30901 30901
30914 30914
30927 30927
30940 30940
30953 30953
30966 30966
30979 30979
30992 30992
31005 31005
31018 31018
31031 31031
31044 31044
31057 31057
31070 31070
31083 31083
31096 31096
31109 31109
31122 31122
31135 31135
31148 31148
31161 31161
31174 31174
31187 31187
31200 31200
31213 31213
31226 31226
31239 31239
31252 31252
31265 31265
31278 31278
31291 31291
31304 31304
31317 31317
31330 31330
31343 31343
31356 31356
31369 31369
31382 31382
31395 31395
31408 31408
31421 31421
31434 31434
31447 31447
31460 31460
31473 31473
31486 31486
31499 31499
31512 31512
31525 31525
31538 31538
31551 31551
31564 31564
31577 31577
31590 31590
31603 31603
31616 31616
31629 31629
31642 31642
31655 31655
31668 31668
31681 31681
31694 31694
31707 31707
31720 31720
31733 31733
31746 31746
31759 31759
31772 31772
31785 31785
31798 31798
31811 31811
31824 31824
31837 31837
31850 31850
31863 31863
31876 31876
31889 31889
31902 31902
31915 31915
31928 31928
31941 31941
31954 31954
31967 31967
31980 31980
31993 31993
32006 32006
32019 32019
32032 32032
32045 32045
32058 32058
32071 32071
32084 32084
32097 32097
32110 32110
32123 32123
32136 32136
32149 32149
32162 32162
32175 32175
32188 32188
32201 32201
32214 32214
32227 32227
32240 32240
32253 32253
32266 32266
32279 32279
32292 32292
32305 32305
32318 32318
32331 32331
32344 32344
32357 32357
32370 32370
32383 32383
32396 32396
32409 32409
32422 32422
32435 32435
32448 32448
32461 32461
32474 32474
32487 32487
