1000
2
00
1
0
2
11
1
1
4
1001
3
101
4
1111
3
111
6
100001
5
10001
6
101101
5
10101
6
110011
5
11011
6
111111
5
11111
8
10000001
7
1000001
8
10011001
7
1001001
8
10100101
7
1010101
8
10111101
7
1011101
8
11000011
7
1100011
8
11011011
7
1101011
8
11100111
7
1110111
8
11111111
7
1111111
10
1000000001
9
100000001
10
1000110001
9
100010001
10
1001001001
9
100101001
10
1001111001
9
100111001
10
1010000101
9
101000101
10
1010110101
9
101010101
10
1011001101
9
101101101
10
1011111101
9
101111101
10
1100000011
9
110000011
10
1100110011
9
110010011
10
1101001011
9
110101011
10
1101111011
9
110111011
10
1110000111
9
111000111
10
1110110111
9
111010111
10
1111001111
9
111101111
10
1111111111
9
111111111
12
100000000001
11
10000000001
12
100001100001
11
10000100001
12
100010010001
11
10001010001
12
100011110001
11
10001110001
12
100100001001
11
10010001001
12
100101101001
11
10010101001
12
100110011001
11
10011011001
12
100111111001
11
10011111001
12
101000000101
11
10100000101
12
101001100101
11
10100100101
12
101010010101
11
10101010101
12
101011110101
11
10101110101
12
101100001101
11
10110001101
12
101101101101
11
10110101101
12
101110011101
11
10111011101
12
101111111101
11
10111111101
12
110000000011
11
11000000011
12
110001100011
11
11000100011
12
110010010011
11
11001010011
12
110011110011
11
11001110011
12
110100001011
11
11010001011
12
110101101011
11
11010101011
12
110110011011
11
11011011011
12
110111111011
11
11011111011
12
111000000111
11
11100000111
12
111001100111
11
11100100111
12
111010010111
11
11101010111
12
111011110111
11
11101110111
12
111100001111
11
11110001111
12
111101101111
11
11110101111
12
111110011111
11
11111011111
12
111111111111
11
11111111111
14
10000000000001
13
1000000000001
14
10000011000001
13
1000001000001
14
10000100100001
13
1000010100001
14
10000111100001
13
1000011100001
14
10001000010001
13
1000100010001
14
10001011010001
13
1000101010001
14
10001100110001
13
1000110110001
14
10001111110001
13
1000111110001
14
10010000001001
13
1001000001001
14
10010011001001
13
1001001001001
14
10010100101001
13
1001010101001
14
10010111101001
13
1001011101001
14
10011000011001
13
1001100011001
14
10011011011001
13
1001101011001
14
10011100111001
13
1001110111001
14
10011111111001
13
1001111111001
14
10100000000101
13
1010000000101
14
10100011000101
13
1010001000101
14
10100100100101
13
1010010100101
14
10100111100101
13
1010011100101
14
10101000010101
13
1010100010101
14
10101011010101
13
1010101010101
14
10101100110101
13
1010110110101
14
10101111110101
13
1010111110101
14
10110000001101
13
1011000001101
14
10110011001101
13
1011001001101
14
10110100101101
13
1011010101101
14
10110111101101
13
1011011101101
14
10111000011101
13
1011100011101
14
10111011011101
13
1011101011101
14
10111100111101
13
1011110111101
14
10111111111101
13
1011111111101
14
11000000000011
13
1100000000011
14
11000011000011
13
1100001000011
14
11000100100011
13
1100010100011
14
11000111100011
13
1100011100011
14
11001000010011
13
1100100010011
14
11001011010011
13
1100101010011
14
11001100110011
13
1100110110011
14
11001111110011
13
1100111110011
14
11010000001011
13
1101000001011
14
11010011001011
13
1101001001011
14
11010100101011
13
1101010101011
14
11010111101011
13
1101011101011
14
11011000011011
13
1101100011011
14
11011011011011
13
1101101011011
14
11011100111011
13
1101110111011
14
11011111111011
13
1101111111011
14
11100000000111
13
1110000000111
14
11100011000111
13
1110001000111
14
11100100100111
13
1110010100111
14
11100111100111
13
1110011100111
14
11101000010111
13
1110100010111
14
11101011010111
13
1110101010111
14
11101100110111
13
1110110110111
14
11101111110111
13
1110111110111
14
11110000001111
13
1111000001111
14
11110011001111
13
1111001001111
14
11110100101111
13
1111010101111
14
11110111101111
13
1111011101111
14
11111000011111
13
1111100011111
14
11111011011111
13
1111101011111
14
11111100111111
13
1111110111111
14
11111111111111
13
1111111111111
16
1000000000000001
15
100000000000001
16
1000000110000001
15
100000010000001
16
1000001001000001
15
100000101000001
16
1000001111000001
15
100000111000001
16
1000010000100001
15
100001000100001
16
1000010110100001
15
100001010100001
16
1000011001100001
15
100001101100001
16
1000011111100001
15
100001111100001
16
1000100000010001
15
100010000010001
16
1000100110010001
15
100010010010001
16
1000101001010001
15
100010101010001
16
1000101111010001
15
100010111010001
16
1000110000110001
15
100011000110001
16
1000110110110001
15
100011010110001
16
1000111001110001
15
100011101110001
16
1000111111110001
15
100011111110001
16
1001000000001001
15
100100000001001
16
1001000110001001
15
100100010001001
16
1001001001001001
15
100100101001001
16
1001001111001001
15
100100111001001
16
1001010000101001
15
100101000101001
16
1001010110101001
15
100101010101001
16
1001011001101001
15
100101101101001
16
1001011111101001
15
100101111101001
16
1001100000011001
15
100110000011001
16
1001100110011001
15
100110010011001
16
1001101001011001
15
100110101011001
16
1001101111011001
15
100110111011001
16
1001110000111001
15
100111000111001
16
1001110110111001
15
100111010111001
16
1001111001111001
15
100111101111001
16
1001111111111001
15
100111111111001
16
1010000000000101
15
101000000000101
16
1010000110000101
15
101000010000101
16
1010001001000101
15
101000101000101
16
1010001111000101
15
101000111000101
16
1010010000100101
15
101001000100101
16
1010010110100101
15
101001010100101
16
1010011001100101
15
101001101100101
16
1010011111100101
15
101001111100101
16
1010100000010101
15
101010000010101
16
1010100110010101
15
101010010010101
16
1010101001010101
15
101010101010101
16
1010101111010101
15
101010111010101
16
1010110000110101
15
101011000110101
16
1010110110110101
15
101011010110101
16
1010111001110101
15
101011101110101
16
1010111111110101
15
101011111110101
16
1011000000001101
15
101100000001101
16
1011000110001101
15
101100010001101
16
1011001001001101
15
101100101001101
16
1011001111001101
15
101100111001101
16
1011010000101101
15
101101000101101
16
1011010110101101
15
101101010101101
16
1011011001101101
15
101101101101101
16
1011011111101101
15
101101111101101
16
1011100000011101
15
101110000011101
16
1011100110011101
15
101110010011101
16
1011101001011101
15
101110101011101
16
1011101111011101
15
101110111011101
16
1011110000111101
15
101111000111101
16
1011110110111101
15
101111010111101
16
1011111001111101
15
101111101111101
16
1011111111111101
15
101111111111101
16
1100000000000011
15
110000000000011
16
1100000110000011
15
110000010000011
16
1100001001000011
15
110000101000011
16
1100001111000011
15
110000111000011
16
1100010000100011
15
110001000100011
16
1100010110100011
15
110001010100011
16
1100011001100011
15
110001101100011
16
1100011111100011
15
110001111100011
16
1100100000010011
15
110010000010011
16
1100100110010011
15
110010010010011
16
1100101001010011
15
110010101010011
16
1100101111010011
15
110010111010011
16
1100110000110011
15
110011000110011
16
1100110110110011
15
110011010110011
16
1100111001110011
15
110011101110011
16
1100111111110011
15
110011111110011
16
1101000000001011
15
110100000001011
16
1101000110001011
15
110100010001011
16
1101001001001011
15
110100101001011
16
1101001111001011
15
110100111001011
16
1101010000101011
15
110101000101011
16
1101010110101011
15
110101010101011
16
1101011001101011
15
110101101101011
16
1101011111101011
15
110101111101011
16
1101100000011011
15
110110000011011
16
1101100110011011
15
110110010011011
16
1101101001011011
15
110110101011011
16
1101101111011011
15
110110111011011
16
1101110000111011
15
110111000111011
16
1101110110111011
15
110111010111011
16
1101111001111011
15
110111101111011
16
1101111111111011
15
110111111111011
16
1110000000000111
15
111000000000111
16
1110000110000111
15
111000010000111
16
1110001001000111
15
111000101000111
16
1110001111000111
15
111000111000111
16
1110010000100111
15
111001000100111
16
1110010110100111
15
111001010100111
16
1110011001100111
15
111001101100111
16
1110011111100111
15
111001111100111
16
1110100000010111
15
111010000010111
16
1110100110010111
15
111010010010111
16
1110101001010111
15
111010101010111
16
1110101111010111
15
111010111010111
16
1110110000110111
15
111011000110111
16
1110110110110111
15
111011010110111
16
1110111001110111
15
111011101110111
16
1110111111110111
15
111011111110111
16
1111000000001111
15
111100000001111
16
1111000110001111
15
111100010001111
16
1111001001001111
15
111100101001111
16
1111001111001111
15
111100111001111
16
1111010000101111
15
111101000101111
16
1111010110101111
15
111101010101111
16
1111011001101111
15
111101101101111
16
1111011111101111
15
111101111101111
16
1111100000011111
15
111110000011111
16
1111100110011111
15
111110010011111
16
1111101001011111
15
111110101011111
16
1111101111011111
15
111110111011111
16
1111110000111111
15
111111000111111
16
1111110110111111
15
111111010111111
16
1111111001111111
15
111111101111111
16
1111111111111111
15
111111111111111
18
100000000000000001
17
10000000000000001
18
100000001100000001
17
10000000100000001
18
100000010010000001
17
10000001010000001
18
100000011110000001
17
10000001110000001
18
100000100001000001
17
10000010001000001
18
100000101101000001
17
10000010101000001
18
100000110011000001
17
10000011011000001
18
100000111111000001
17
10000011111000001
18
100001000000100001
17
10000100000100001
18
100001001100100001
17
10000100100100001
18
100001010010100001
17
10000101010100001
18
100001011110100001
17
10000101110100001
18
100001100001100001
17
10000110001100001
18
100001101101100001
17
10000110101100001
18
100001110011100001
17
10000111011100001
18
100001111111100001
17
10000111111100001
18
100010000000010001
17
10001000000010001
18
100010001100010001
17
10001000100010001
18
100010010010010001
17
10001001010010001
18
100010011110010001
17
10001001110010001
18
100010100001010001
17
10001010001010001
18
100010101101010001
17
10001010101010001
18
100010110011010001
17
10001011011010001
18
100010111111010001
17
10001011111010001
18
100011000000110001
17
10001100000110001
18
100011001100110001
17
10001100100110001
18
100011010010110001
17
10001101010110001
18
100011011110110001
17
10001101110110001
18
100011100001110001
17
10001110001110001
18
100011101101110001
17
10001110101110001
18
100011110011110001
17
10001111011110001
18
100011111111110001
17
10001111111110001
18
100100000000001001
17
10010000000001001
18
100100001100001001
17
10010000100001001
18
100100010010001001
17
10010001010001001
18
100100011110001001
17
10010001110001001
18
100100100001001001
17
10010010001001001
18
100100101101001001
17
10010010101001001
18
100100110011001001
17
10010011011001001
18
100100111111001001
17
10010011111001001
18
100101000000101001
17
10010100000101001
18
100101001100101001
17
10010100100101001
18
100101010010101001
17
10010101010101001
18
100101011110101001
17
10010101110101001
18
100101100001101001
17
10010110001101001
18
100101101101101001
17
10010110101101001
18
100101110011101001
17
10010111011101001
18
100101111111101001
17
10010111111101001
18
100110000000011001
17
10011000000011001
18
100110001100011001
17
10011000100011001
18
100110010010011001
17
10011001010011001
18
100110011110011001
17
10011001110011001
18
100110100001011001
17
10011010001011001
18
100110101101011001
17
10011010101011001
18
100110110011011001
17
10011011011011001
18
100110111111011001
17
10011011111011001
18
100111000000111001
17
10011100000111001
18
100111001100111001
17
10011100100111001
18
100111010010111001
17
10011101010111001
18
100111011110111001
17
10011101110111001
18
100111100001111001
17
10011110001111001
18
100111101101111001
17
10011110101111001
18
100111110011111001
17
10011111011111001
18
100111111111111001
17
10011111111111001
18
101000000000000101
17
10100000000000101
18
101000001100000101
17
10100000100000101
18
101000010010000101
17
10100001010000101
18
101000011110000101
17
10100001110000101
18
101000100001000101
17
10100010001000101
18
101000101101000101
17
10100010101000101
18
101000110011000101
17
10100011011000101
18
101000111111000101
17
10100011111000101
18
101001000000100101
17
10100100000100101
18
101001001100100101
17
10100100100100101
18
101001010010100101
17
10100101010100101
18
101001011110100101
17
10100101110100101
18
101001100001100101
17
10100110001100101
18
101001101101100101
17
10100110101100101
18
101001110011100101
17
10100111011100101
18
101001111111100101
17
10100111111100101
18
101010000000010101
17
10101000000010101
18
101010001100010101
17
10101000100010101
18
101010010010010101
17
10101001010010101
18
101010011110010101
17
10101001110010101
18
101010100001010101
17
10101010001010101
18
101010101101010101
17
10101010101010101
18
101010110011010101
17
10101011011010101
18
101010111111010101
17
10101011111010101
18
101011000000110101
17
10101100000110101
18
101011001100110101
17
10101100100110101
18
101011010010110101
17
10101101010110101
18
101011011110110101
17
10101101110110101
18
101011100001110101
17
10101110001110101
18
101011101101110101
17
10101110101110101
18
101011110011110101
17
10101111011110101
18
101011111111110101
17
10101111111110101
18
101100000000001101
17
10110000000001101
18
101100001100001101
17
10110000100001101
18
101100010010001101
17
10110001010001101
18
101100011110001101
17
10110001110001101
18
101100100001001101
17
10110010001001101
18
101100101101001101
17
10110010101001101
18
101100110011001101
17
10110011011001101
18
101100111111001101
17
10110011111001101
18
101101000000101101
17
10110100000101101
18
101101001100101101
17
10110100100101101
18
101101010010101101
17
10110101010101101
18
101101011110101101
17
10110101110101101
18
101101100001101101
17
10110110001101101
18
101101101101101101
17
10110110101101101
18
101101110011101101
17
10110111011101101
18
101101111111101101
17
10110111111101101
18
101110000000011101
17
10111000000011101
18
101110001100011101
17
10111000100011101
18
101110010010011101
17
10111001010011101
18
101110011110011101
17
10111001110011101
18
101110100001011101
17
10111010001011101
18
101110101101011101
17
10111010101011101
18
101110110011011101
17
10111011011011101
18
101110111111011101
17
10111011111011101
18
101111000000111101
17
10111100000111101
18
101111001100111101
17
10111100100111101
18
101111010010111101
17
10111101010111101
18
101111011110111101
17
10111101110111101
18
101111100001111101
17
10111110001111101
18
101111101101111101
17
10111110101111101
18
101111110011111101
17
10111111011111101
18
101111111111111101
17
10111111111111101
18
110000000000000011
17
11000000000000011
18
110000001100000011
17
11000000100000011
18
110000010010000011
17
11000001010000011
18
110000011110000011
17
11000001110000011
18
110000100001000011
17
11000010001000011
18
110000101101000011
17
11000010101000011
18
110000110011000011
17
11000011011000011
18
110000111111000011
17
11000011111000011
18
110001000000100011
17
11000100000100011
18
110001001100100011
17
11000100100100011
18
110001010010100011
17
11000101010100011
18
110001011110100011
17
11000101110100011
18
110001100001100011
17
11000110001100011
18
110001101101100011
17
11000110101100011
18
110001110011100011
17
11000111011100011
18
110001111111100011
17
11000111111100011
18
110010000000010011
17
11001000000010011
18
110010001100010011
17
11001000100010011
18
110010010010010011
17
11001001010010011
18
110010011110010011
17
11001001110010011
18
110010100001010011
17
11001010001010011
18
110010101101010011
17
11001010101010011
18
110010110011010011
17
11001011011010011
18
110010111111010011
17
11001011111010011
18
110011000000110011
17
11001100000110011
18
110011001100110011
17
11001100100110011
18
110011010010110011
17
11001101010110011
18
110011011110110011
17
11001101110110011
18
110011100001110011
17
11001110001110011
18
110011101101110011
17
11001110101110011
18
110011110011110011
17
11001111011110011
18
110011111111110011
17
11001111111110011
18
110100000000001011
17
11010000000001011
18
110100001100001011
17
11010000100001011
18
110100010010001011
17
11010001010001011
18
110100011110001011
17
11010001110001011
18
110100100001001011
17
11010010001001011
18
110100101101001011
17
11010010101001011
18
110100110011001011
17
11010011011001011
18
110100111111001011
17
11010011111001011
18
110101000000101011
17
11010100000101011
18
110101001100101011
17
11010100100101011
18
110101010010101011
17
11010101010101011
18
110101011110101011
17
11010101110101011
18
110101100001101011
17
11010110001101011
18
110101101101101011
17
11010110101101011
18
110101110011101011
17
11010111011101011
18
110101111111101011
17
11010111111101011
18
110110000000011011
17
11011000000011011
18
110110001100011011
17
11011000100011011
18
110110010010011011
17
11011001010011011
18
110110011110011011
17
11011001110011011
18
110110100001011011
17
11011010001011011
18
110110101101011011
17
11011010101011011
18
110110110011011011
17
11011011011011011
18
110110111111011011
17
11011011111011011
18
110111000000111011
17
11011100000111011
18
110111001100111011
17
11011100100111011
18
110111010010111011
17
11011101010111011
18
110111011110111011
17
11011101110111011
18
110111100001111011
17
11011110001111011
18
110111101101111011
17
11011110101111011
18
110111110011111011
17
11011111011111011
18
110111111111111011
17
11011111111111011
18
111000000000000111
17
11100000000000111
18
111000001100000111
17
11100000100000111
18
111000010010000111
17
11100001010000111
18
111000011110000111
17
11100001110000111
18
111000100001000111
17
11100010001000111
18
111000101101000111
17
11100010101000111
18
111000110011000111
17
11100011011000111
18
111000111111000111
17
11100011111000111
18
111001000000100111
17
11100100000100111
18
111001001100100111
17
11100100100100111
18
111001010010100111
17
11100101010100111
18
111001011110100111
17
11100101110100111
18
111001100001100111
17
11100110001100111
18
111001101101100111
17
11100110101100111
18
111001110011100111
17
11100111011100111
18
111001111111100111
17
11100111111100111
18
111010000000010111
17
11101000000010111
18
111010001100010111
17
11101000100010111
18
111010010010010111
17
11101001010010111
18
111010011110010111
17
11101001110010111
18
111010100001010111
17
11101010001010111
18
111010101101010111
17
11101010101010111
18
111010110011010111
17
11101011011010111
18
111010111111010111
17
11101011111010111
18
111011000000110111
17
11101100000110111
18
111011001100110111
17
11101100100110111
18
111011010010110111
17
11101101010110111
18
111011011110110111
17
11101101110110111
18
111011100001110111
17
11101110001110111
18
111011101101110111
17
11101110101110111
18
111011110011110111
17
11101111011110111
18
111011111111110111
17
11101111111110111
18
111100000000001111
17
11110000000001111
18
111100001100001111
17
11110000100001111
18
111100010010001111
17
11110001010001111
18
111100011110001111
17
11110001110001111
18
111100100001001111
17
11110010001001111
18
111100101101001111
17
11110010101001111
18
111100110011001111
17
11110011011001111
18
111100111111001111
17
11110011111001111
18
111101000000101111
17
11110100000101111
18
111101001100101111
17
11110100100101111
18
111101010010101111
17
11110101010101111
18
111101011110101111
17
11110101110101111
18
111101100001101111
17
11110110001101111
18
111101101101101111
17
11110110101101111
18
111101110011101111
17
11110111011101111
18
111101111111101111
17
11110111111101111
18
111110000000011111
17
11111000000011111
18
111110001100011111
17
11111000100011111
18
111110010010011111
17
11111001010011111
18
111110011110011111
17
11111001110011111
18
111110100001011111
17
11111010001011111
18
111110101101011111
17
11111010101011111
18
111110110011011111
17
11111011011011111
18
111110111111011111
17
11111011111011111
18
111111000000111111
17
11111100000111111
18
111111001100111111
17
11111100100111111
18
111111010010111111
17
11111101010111111
18
111111011110111111
17
11111101110111111
18
111111100001111111
17
11111110001111111
18
111111101101111111
17
11111110101111111
18
111111110011111111
17
11111111011111111
18
111111111111111111
17
11111111111111111
20
10000000000000000001
19
1000000000000000001
20
10000000011000000001
19
1000000001000000001
20
10000000100100000001
19
1000000010100000001
20
10000000111100000001
19
1000000011100000001
20
10000001000010000001
19
1000000100010000001
20
10000001011010000001
19
1000000101010000001
20
10000001100110000001
19
1000000110110000001
20
10000001111110000001
19
1000000111110000001
20
10000010000001000001
19
1000001000001000001
20
10000010011001000001
19
1000001001001000001
20
10000010100101000001
19
1000001010101000001
20
10000010111101000001
19
1000001011101000001
20
10000011000011000001
19
1000001100011000001
20
10000011011011000001
19
1000001101011000001
20
10000011100111000001
19
1000001110111000001
20
10000011111111000001
19
1000001111111000001
20
10000100000000100001
19
1000010000000100001
20
10000100011000100001
19
1000010001000100001
20
10000100100100100001
19
1000010010100100001
20
10000100111100100001
19
1000010011100100001
20
10000101000010100001
19
1000010100010100001
20
10000101011010100001
19
1000010101010100001
20
10000101100110100001
19
1000010110110100001
20
10000101111110100001
19
1000010111110100001
20
10000110000001100001
19
1000011000001100001
20
10000110011001100001
19
1000011001001100001
20
10000110100101100001
19
1000011010101100001
20
10000110111101100001
19
1000011011101100001
20
10000111000011100001
19
1000011100011100001
20
10000111011011100001
19
1000011101011100001
20
10000111100111100001
19
1000011110111100001
20
10000111111111100001
19
1000011111111100001
20
10001000000000010001
19
1000100000000010001
20
10001000011000010001
19
1000100001000010001
20
10001000100100010001
19
1000100010100010001
20
10001000111100010001
19
1000100011100010001
20
10001001000010010001
19
1000100100010010001
20
10001001011010010001
19
1000100101010010001
20
10001001100110010001
19
1000100110110010001
20
10001001111110010001
19
1000100111110010001
20
10001010000001010001
19
1000101000001010001
20
10001010011001010001
19
1000101001001010001
20
10001010100101010001
19
1000101010101010001
20
10001010111101010001
19
1000101011101010001
20
10001011000011010001
19
1000101100011010001
20
10001011011011010001
19
1000101101011010001
20
10001011100111010001
19
1000101110111010001
20
10001011111111010001
19
1000101111111010001
20
10001100000000110001
19
1000110000000110001
20
10001100011000110001
19
1000110001000110001
20
10001100100100110001
19
1000110010100110001
20
10001100111100110001
19
1000110011100110001
20
10001101000010110001
19
1000110100010110001
20
10001101011010110001
19
1000110101010110001
20
10001101100110110001
19
1000110110110110001
20
10001101111110110001
19
1000110111110110001
20
10001110000001110001
19
1000111000001110001
20
10001110011001110001
19
1000111001001110001
20
10001110100101110001
19
1000111010101110001
20
10001110111101110001
19
1000111011101110001
20
10001111000011110001
19
1000111100011110001
20
10001111011011110001
19
1000111101011110001
20
10001111100111110001
19
1000111110111110001
20
10001111111111110001
19
1000111111111110001
20
10010000000000001001
19
1001000000000001001
20
10010000011000001001
19
1001000001000001001
20
10010000100100001001
19
1001000010100001001
20
10010000111100001001
19
1001000011100001001
20
10010001000010001001
19
1001000100010001001
20
10010001011010001001
19
1001000101010001001
20
10010001100110001001
19
1001000110110001001
20
10010001111110001001
19
1001000111110001001
20
10010010000001001001
19
1001001000001001001
20
10010010011001001001
19
1001001001001001001
20
10010010100101001001
19
1001001010101001001
20
10010010111101001001
19
1001001011101001001
20
10010011000011001001
19
1001001100011001001
20
10010011011011001001
19
1001001101011001001
20
10010011100111001001
19
1001001110111001001
20
10010011111111001001
19
1001001111111001001
20
10010100000000101001
19
1001010000000101001
20
10010100011000101001
19
1001010001000101001
20
10010100100100101001
19
1001010010100101001
20
10010100111100101001
19
1001010011100101001
20
10010101000010101001
19
1001010100010101001
20
10010101011010101001
19
1001010101010101001
20
10010101100110101001
19
1001010110110101001
20
10010101111110101001
19
1001010111110101001
20
10010110000001101001
19
1001011000001101001
20
10010110011001101001
19
1001011001001101001
20
10010110100101101001
19
1001011010101101001
20
10010110111101101001
19
1001011011101101001
20
10010111000011101001
19
1001011100011101001
20
10010111011011101001
19
1001011101011101001
20
10010111100111101001
19
1001011110111101001
20
10010111111111101001
19
1001011111111101001
20
10011000000000011001
19
1001100000000011001
20
10011000011000011001
19
1001100001000011001
20
10011000100100011001
19
1001100010100011001
20
10011000111100011001
19
1001100011100011001
20
10011001000010011001
19
1001100100010011001
20
10011001011010011001
19
1001100101010011001
20
10011001100110011001
19
1001100110110011001
20
10011001111110011001
19
1001100111110011001
20
10011010000001011001
19
1001101000001011001
20
10011010011001011001
19
1001101001001011001
20
10011010100101011001
19
1001101010101011001
20
10011010111101011001
19
1001101011101011001
20
10011011000011011001
19
1001101100011011001
20
10011011011011011001
19
1001101101011011001
20
10011011100111011001
19
1001101110111011001
20
10011011111111011001
19
1001101111111011001
20
10011100000000111001
19
1001110000000111001
20
10011100011000111001
19
1001110001000111001
20
10011100100100111001
19
1001110010100111001
20
10011100111100111001
19
1001110011100111001
20
10011101000010111001
19
1001110100010111001
20
10011101011010111001
19
1001110101010111001
20
10011101100110111001
19
1001110110110111001
20
10011101111110111001
19
1001110111110111001
20
10011110000001111001
19
1001111000001111001
20
10011110011001111001
19
1001111001001111001
20
10011110100101111001
19
1001111010101111001
20
10011110111101111001
19
1001111011101111001
20
10011111000011111001
19
1001111100011111001
20
10011111011011111001
19
1001111101011111001
20
10011111100111111001
19
1001111110111111001
20
10011111111111111001
19
1001111111111111001
20
10100000000000000101
19
1010000000000000101
20
10100000011000000101
19
1010000001000000101
20
10100000100100000101
19
1010000010100000101
20
10100000111100000101
19
1010000011100000101
20
10100001000010000101
19
1010000100010000101
20
10100001011010000101
19
1010000101010000101
20
10100001100110000101
19
1010000110110000101
20
10100001111110000101
19
1010000111110000101
20
10100010000001000101
19
1010001000001000101
20
10100010011001000101
19
1010001001001000101
20
10100010100101000101
19
1010001010101000101
20
10100010111101000101
19
1010001011101000101
20
10100011000011000101
19
1010001100011000101
20
10100011011011000101
19
1010001101011000101
20
10100011100111000101
19
1010001110111000101
20
10100011111111000101
19
1010001111111000101
20
10100100000000100101
19
1010010000000100101
20
10100100011000100101
19
1010010001000100101
20
10100100100100100101
19
1010010010100100101
20
10100100111100100101
19
1010010011100100101
20
10100101000010100101
19
1010010100010100101
20
10100101011010100101
19
1010010101010100101
20
10100101100110100101
19
1010010110110100101
20
10100101111110100101
19
1010010111110100101
20
10100110000001100101
19
1010011000001100101
20
10100110011001100101
19
1010011001001100101
20
10100110100101100101
19
1010011010101100101
20
10100110111101100101
19
1010011011101100101
20
10100111000011100101
19
1010011100011100101
20
10100111011011100101
19
1010011101011100101
20
10100111100111100101
19
1010011110111100101
20
10100111111111100101
19
1010011111111100101
20
10101000000000010101
19
1010100000000010101
20
10101000011000010101
19
1010100001000010101
20
10101000100100010101
19
1010100010100010101
20
10101000111100010101
19
1010100011100010101
20
10101001000010010101
19
1010100100010010101
20
10101001011010010101
19
1010100101010010101
20
10101001100110010101
19
1010100110110010101
20
10101001111110010101
19
1010100111110010101
20
10101010000001010101
19
1010101000001010101
20
10101010011001010101
19
1010101001001010101
20
10101010100101010101
19
1010101010101010101
20
10101010111101010101
19
1010101011101010101
20
10101011000011010101
19
1010101100011010101
20
10101011011011010101
19
1010101101011010101
20
10101011100111010101
19
1010101110111010101
20
10101011111111010101
19
1010101111111010101
20
10101100000000110101
19
1010110000000110101
20
10101100011000110101
19
1010110001000110101
20
10101100100100110101
19
1010110010100110101
20
10101100111100110101
19
1010110011100110101
20
10101101000010110101
19
1010110100010110101
20
10101101011010110101
19
1010110101010110101
20
10101101100110110101
19
1010110110110110101
20
10101101111110110101
19
1010110111110110101
20
10101110000001110101
19
1010111000001110101
20
10101110011001110101
19
1010111001001110101
20
10101110100101110101
19
1010111010101110101
20
10101110111101110101
19
1010111011101110101
20
10101111000011110101
19
1010111100011110101
20
10101111011011110101
19
1010111101011110101
20
10101111100111110101
19
1010111110111110101
20
10101111111111110101
19
1010111111111110101
20
10110000000000001101
19
1011000000000001101
20
10110000011000001101
19
1011000001000001101
20
10110000100100001101
19
1011000010100001101
20
10110000111100001101
19
1011000011100001101
20
10110001000010001101
19
1011000100010001101
20
10110001011010001101
19
1011000101010001101
20
10110001100110001101
19
1011000110110001101
20
10110001111110001101
19
1011000111110001101
20
10110010000001001101
19
1011001000001001101
20
10110010011001001101
19
1011001001001001101
20
10110010100101001101
19
1011001010101001101
20
10110010111101001101
19
1011001011101001101
20
10110011000011001101
19
1011001100011001101
20
10110011011011001101
19
1011001101011001101
20
10110011100111001101
19
1011001110111001101
20
10110011111111001101
19
1011001111111001101
20
10110100000000101101
19
1011010000000101101
20
10110100011000101101
19
1011010001000101101
20
10110100100100101101
19
1011010010100101101
20
10110100111100101101
19
1011010011100101101
20
10110101000010101101
19
1011010100010101101
20
10110101011010101101
19
1011010101010101101
20
10110101100110101101
19
1011010110110101101
20
10110101111110101101
19
1011010111110101101
20
10110110000001101101
19
1011011000001101101
20
10110110011001101101
19
1011011001001101101
20
10110110100101101101
19
1011011010101101101
20
10110110111101101101
19
1011011011101101101
20
10110111000011101101
19
1011011100011101101
20
10110111011011101101
19
1011011101011101101
20
10110111100111101101
19
1011011110111101101
20
10110111111111101101
19
1011011111111101101
20
10111000000000011101
19
1011100000000011101
20
10111000011000011101
19
1011100001000011101
20
10111000100100011101
19
1011100010100011101
20
10111000111100011101
19
1011100011100011101
20
10111001000010011101
19
1011100100010011101
20
10111001011010011101
19
1011100101010011101
20
10111001100110011101
19
1011100110110011101
20
10111001111110011101
19
1011100111110011101
20
10111010000001011101
19
1011101000001011101
20
10111010011001011101
19
1011101001001011101
20
10111010100101011101
19
1011101010101011101
20
10111010111101011101
19
1011101011101011101
20
10111011000011011101
19
1011101100011011101
20
10111011011011011101
19
1011101101011011101
20
10111011100111011101
19
1011101110111011101
20
10111011111111011101
19
1011101111111011101
20
10111100000000111101
19
1011110000000111101
20
10111100011000111101
19
1011110001000111101
20
10111100100100111101
19
1011110010100111101
20
10111100111100111101
19
1011110011100111101
20
10111101000010111101
19
1011110100010111101
20
10111101011010111101
19
1011110101010111101
20
10111101100110111101
19
1011110110110111101
20
10111101111110111101
19
1011110111110111101
20
10111110000001111101
19
1011111000001111101
20
10111110011001111101
19
1011111001001111101
20
10111110100101111101
19
1011111010101111101
20
10111110111101111101
19
1011111011101111101
20
10111111000011111101
19
1011111100011111101
20
10111111011011111101
19
1011111101011111101
20
10111111100111111101
19
1011111110111111101
20
10111111111111111101
19
1011111111111111101
20
11000000000000000011
19
1100000000000000011
20
11000000011000000011
19
1100000001000000011
20
11000000100100000011
19
1100000010100000011
20
11000000111100000011
19
1100000011100000011
20
11000001000010000011
19
1100000100010000011
20
11000001011010000011
19
1100000101010000011
20
11000001100110000011
19
1100000110110000011
20
11000001111110000011
19
1100000111110000011
20
11000010000001000011
19
1100001000001000011
20
11000010011001000011
19
1100001001001000011
20
11000010100101000011
19
1100001010101000011
20
11000010111101000011
19
1100001011101000011
20
11000011000011000011
19
1100001100011000011
20
11000011011011000011
19
1100001101011000011
20
11000011100111000011
19
1100001110111000011
20
11000011111111000011
19
1100001111111000011
20
11000100000000100011
19
1100010000000100011
20
11000100011000100011
19
1100010001000100011
20
11000100100100100011
19
1100010010100100011
20
11000100111100100011
19
1100010011100100011
20
11000101000010100011
19
1100010100010100011
20
11000101011010100011
19
1100010101010100011
20
11000101100110100011
19
1100010110110100011
20
11000101111110100011
19
1100010111110100011
20
11000110000001100011
19
1100011000001100011
20
11000110011001100011
19
1100011001001100011
20
11000110100101100011
19
1100011010101100011
20
11000110111101100011
19
1100011011101100011
20
11000111000011100011
19
1100011100011100011
20
11000111011011100011
19
1100011101011100011
20
11000111100111100011
19
1100011110111100011
20
11000111111111100011
19
1100011111111100011
20
11001000000000010011
19
1100100000000010011
20
11001000011000010011
19
1100100001000010011
20
11001000100100010011
19
1100100010100010011
20
11001000111100010011
19
1100100011100010011
20
11001001000010010011
19
1100100100010010011
20
11001001011010010011
19
1100100101010010011
20
11001001100110010011
19
1100100110110010011
20
11001001111110010011
19
1100100111110010011
20
11001010000001010011
19
1100101000001010011
20
11001010011001010011
19
1100101001001010011
20
11001010100101010011
19
1100101010101010011
20
11001010111101010011
19
1100101011101010011
20
11001011000011010011
19
1100101100011010011
20
11001011011011010011
19
1100101101011010011
20
11001011100111010011
19
1100101110111010011
20
11001011111111010011
19
1100101111111010011
20
11001100000000110011
19
1100110000000110011
20
11001100011000110011
19
1100110001000110011
20
11001100100100110011
19
1100110010100110011
20
11001100111100110011
19
1100110011100110011
20
11001101000010110011
19
1100110100010110011
20
11001101011010110011
19
1100110101010110011
20
11001101100110110011
19
1100110110110110011
20
11001101111110110011
19
1100110111110110011
20
11001110000001110011
19
1100111000001110011
20
11001110011001110011
19
1100111001001110011
20
11001110100101110011
19
1100111010101110011
20
11001110111101110011
19
1100111011101110011
20
11001111000011110011
19
1100111100011110011
20
11001111011011110011
19
1100111101011110011
20
11001111100111110011
19
1100111110111110011
20
11001111111111110011
19
1100111111111110011
20
11010000000000001011
19
1101000000000001011
20
11010000011000001011
19
1101000001000001011
20
11010000100100001011
19
1101000010100001011
20
11010000111100001011
19
1101000011100001011
20
11010001000010001011
19
1101000100010001011
20
11010001011010001011
19
1101000101010001011
20
11010001100110001011
19
1101000110110001011
20
11010001111110001011
19
1101000111110001011
20
11010010000001001011
19
1101001000001001011
20
11010010011001001011
19
1101001001001001011
20
11010010100101001011
19
1101001010101001011
20
11010010111101001011
19
1101001011101001011
20
11010011000011001011
19
1101001100011001011
20
11010011011011001011
19
1101001101011001011
20
11010011100111001011
19
1101001110111001011
20
11010011111111001011
19
1101001111111001011
20
11010100000000101011
19
1101010000000101011
20
11010100011000101011
19
1101010001000101011
20
11010100100100101011
19
1101010010100101011
20
11010100111100101011
19
1101010011100101011
20
11010101000010101011
19
1101010100010101011
20
11010101011010101011
19
1101010101010101011
20
11010101100110101011
19
1101010110110101011
20
11010101111110101011
19
1101010111110101011
20
11010110000001101011
19
1101011000001101011
20
11010110011001101011
19
1101011001001101011
20
11010110100101101011
19
1101011010101101011
20
11010110111101101011
19
1101011011101101011
20
11010111000011101011
19
1101011100011101011
20
11010111011011101011
19
1101011101011101011
20
11010111100111101011
19
1101011110111101011
20
11010111111111101011
19
1101011111111101011
20
11011000000000011011
19
1101100000000011011
20
11011000011000011011
19
1101100001000011011
20
11011000100100011011
19
1101100010100011011
20
11011000111100011011
19
1101100011100011011
20
11011001000010011011
19
1101100100010011011
20
11011001011010011011
19
1101100101010011011
20
11011001100110011011
19
1101100110110011011
20
11011001111110011011
19
1101100111110011011
20
11011010000001011011
19
1101101000001011011
20
11011010011001011011
19
1101101001001011011
20
11011010100101011011
19
1101101010101011011
20
11011010111101011011
19
1101101011101011011
20
11011011000011011011
19
1101101100011011011
20
11011011011011011011
19
1101101101011011011
20
11011011100111011011
19
1101101110111011011
20
11011011111111011011
19
1101101111111011011
20
11011100000000111011
19
1101110000000111011
20
11011100011000111011
19
1101110001000111011
20
11011100100100111011
19
1101110010100111011
20
11011100111100111011
19
1101110011100111011
20
11011101000010111011
19
1101110100010111011
20
11011101011010111011
19
1101110101010111011
20
11011101100110111011
19
1101110110110111011
20
11011101111110111011
19
1101110111110111011
20
11011110000001111011
19
1101111000001111011
20
11011110011001111011
19
1101111001001111011
20
11011110100101111011
19
1101111010101111011
20
11011110111101111011
19
1101111011101111011
20
11011111000011111011
19
1101111100011111011
20
11011111011011111011
19
1101111101011111011
20
11011111100111111011
19
1101111110111111011
20
11011111111111111011
19
1101111111111111011
20
11100000000000000111
19
1110000000000000111
20
11100000011000000111
19
1110000001000000111
20
11100000100100000111
19
1110000010100000111
20
11100000111100000111
19
1110000011100000111
20
11100001000010000111
19
1110000100010000111
20
11100001011010000111
19
1110000101010000111
20
11100001100110000111
19
1110000110110000111
20
11100001111110000111
19
1110000111110000111
20
11100010000001000111
19
1110001000001000111
20
11100010011001000111
19
1110001001001000111
20
11100010100101000111
19
1110001010101000111
20
11100010111101000111
19
1110001011101000111
20
11100011000011000111
19
1110001100011000111
20
11100011011011000111
19
1110001101011000111
20
11100011100111000111
19
1110001110111000111
20
11100011111111000111
19
1110001111111000111
20
11100100000000100111
19
1110010000000100111
20
11100100011000100111
19
1110010001000100111
20
11100100100100100111
19
1110010010100100111
20
11100100111100100111
19
1110010011100100111
20
11100101000010100111
19
1110010100010100111
20
11100101011010100111
19
1110010101010100111
20
11100101100110100111
19
1110010110110100111
20
11100101111110100111
19
1110010111110100111
20
11100110000001100111
19
1110011000001100111
20
11100110011001100111
19
1110011001001100111
20
11100110100101100111
19
1110011010101100111
20
11100110111101100111
19
1110011011101100111
20
11100111000011100111
19
1110011100011100111
20
11100111011011100111
19
1110011101011100111
20
11100111100111100111
19
1110011110111100111
20
11100111111111100111
19
1110011111111100111
20
11101000000000010111
19
1110100000000010111
20
11101000011000010111
19
1110100001000010111
20
11101000100100010111
19
1110100010100010111
20
11101000111100010111
19
1110100011100010111
20
11101001000010010111
19
1110100100010010111
20
11101001011010010111
19
1110100101010010111
20
11101001100110010111
19
1110100110110010111
20
11101001111110010111
19
1110100111110010111
20
11101010000001010111
19
1110101000001010111
20
11101010011001010111
19
1110101001001010111
20
11101010100101010111
19
1110101010101010111
20
11101010111101010111
19
1110101011101010111
20
11101011000011010111
19
1110101100011010111
20
11101011011011010111
19
1110101101011010111
20
11101011100111010111
19
1110101110111010111
20
11101011111111010111
19
1110101111111010111
20
11101100000000110111
19
1110110000000110111
20
11101100011000110111
19
1110110001000110111
20
11101100100100110111
19
1110110010100110111
20
11101100111100110111
19
1110110011100110111
20
11101101000010110111
19
1110110100010110111
20
11101101011010110111
19
1110110101010110111
20
11101101100110110111
19
1110110110110110111
20
11101101111110110111
19
1110110111110110111
20
11101110000001110111
19
1110111000001110111
20
11101110011001110111
19
1110111001001110111
20
11101110100101110111
19
1110111010101110111
20
11101110111101110111
19
1110111011101110111
20
11101111000011110111
19
1110111100011110111
20
11101111011011110111
19
1110111101011110111
20
11101111100111110111
19
1110111110111110111
20
11101111111111110111
19
1110111111111110111
20
11110000000000001111
19
1111000000000001111
20
11110000011000001111
19
1111000001000001111
20
11110000100100001111
19
1111000010100001111
20
11110000111100001111
19
1111000011100001111
20
11110001000010001111
19
1111000100010001111
20
11110001011010001111
19
1111000101010001111
20
11110001100110001111
19
1111000110110001111
20
11110001111110001111
19
1111000111110001111
20
11110010000001001111
19
1111001000001001111
20
11110010011001001111
19
1111001001001001111
20
11110010100101001111
19
1111001010101001111
20
11110010111101001111
19
1111001011101001111
20
11110011000011001111
19
1111001100011001111
20
11110011011011001111
19
1111001101011001111
20
11110011100111001111
19
1111001110111001111
20
11110011111111001111
19
1111001111111001111
20
11110100000000101111
19
1111010000000101111
20
11110100011000101111
19
1111010001000101111
20
11110100100100101111
19
1111010010100101111
20
11110100111100101111
19
1111010011100101111
20
11110101000010101111
19
1111010100010101111
20
11110101011010101111
19
1111010101010101111
20
11110101100110101111
19
1111010110110101111
20
11110101111110101111
19
1111010111110101111
20
11110110000001101111
19
1111011000001101111
20
11110110011001101111
19
1111011001001101111
20
11110110100101101111
19
1111011010101101111
20
11110110111101101111
19
1111011011101101111
20
11110111000011101111
19
1111011100011101111
20
11110111011011101111
19
1111011101011101111
20
11110111100111101111
19
1111011110111101111
20
11110111111111101111
19
1111011111111101111
20
11111000000000011111
19
1111100000000011111
20
11111000011000011111
19
1111100001000011111
20
11111000100100011111
19
1111100010100011111
20
11111000111100011111
19
1111100011100011111
20
11111001000010011111
19
1111100100010011111
20
11111001011010011111
19
1111100101010011111
20
11111001100110011111
19
1111100110110011111
20
11111001111110011111
19
1111100111110011111
